0,1
1,3
2,5
3,7
4,9
5,11
6,13
7,17
8,15
9,20
10,18
11,353,1330,22,951
12,24
13,58
14,60
15,62
16,64
17,65,951
18,67
19,232,953
20,953,172
21,953,167
22,953,178
23,82
24,116
25,160
26,158
27,134
28,132
29,146
30,144
31,83
32,85
33,87
34,89
35,91
36,93
37,95
38,1272,1349,399
39,1274,1349,399
40,1276,1349,399
41,1349,1278,399
42,1280,1349,399
43,1282,1349,399
44,1284,1349,399
45,97
46,99
47,101
48,103
49,105
50,107
51,109
52,1289,1349,399
53,1291,1349,399
54,1349,1293,399
55,1295,1349,399
56,1297,1349,399
57,1299,1349,399
58,1349,1301,399
59,1182,862
60,1184,862
61,1003,1182
62,1184,1003
63,240,1330,951
64,164
65,167
66,172
67,178
68,945,1498
69,1496,945
70,945,1479
71,945,1526
72,1480,945
73,945,1529
74,945,1481
75,1528,945
76,945,1478
77,945,467
78,945,1501
79,945,1527
80,945,1182,630
81,945,637,1182
82,353,174,951
83,1332,1639
84,585,1332
85,347,1332
86,924,1332
87,1184,191
88,1184,190
89,1184,181
90,1184,195
91,1184,185
92,200,1184
93,1184,186
94,1184,198
95,1184,187
96,1184,179
97,1184,194
98,1184,197
99,528,277,215
100,528,277,214
101,208,528,277
102,528,219,277
103,528,209,277
104,224,528,277
105,528,210,277
106,528,277,222
107,528,211,277
108,528,218,277
109,528,277,221
110,281,1330,353,951
111,283
112,232
113,944,164,1189
114,246
115,1330,247
116,281,374
117,376,283
118,353,1330,278,951
119,280
120,1184,862
121,261,951
122,263
123,265,342
124,424
125,1171,1349,399
126,1497,1349,399
127,1266,1349,399
128,1349,966,399
129,1234,1349,399
130,1223,1349,399
131,1349,613,399
132,1349,598,399
133,1349,1221,399
134,1155,1187,942
135,1626,676,951
136,1087
137,1089
138,805,990
139,881,1474
140,1183,233,951
141,233,951
142,235
143,290,293
144,290,531
145,296,951
146,298
147,1183,303,951
148,301
149,299
150,531,302
151,360,1349
152,353,1330,1081,951
153,353,1330,1346
154,1332,310
155,308
156,310
157,1332,317
158,313
159,353,314,951
160,1624,1621
161,1393,314
162,317
163,305,353
164,951,531,319
165,528,111
166,353,341
167,528,383
168,1041,314
169,1625,1605,951
170,1393,324
171,323
172,1393,325
173,327
174,328,951
175,330
176,321,1393
177,459,719
178,991,719
179,1220,719
180,597,719
181,612,719
182,1494,719
183,965,719
184,1235,719
185,531,292
186,293,1239
187,331
188,333
189,364,335
190,945,333
191,1001
192,881,306
193,1269,277,951
194,399,1349,303
195,339
196,339
197,293,951
198,1176,293
199,295
200,1187,1021
201,1393,237,951
202,881,238
203,995,1187
204,342,951
205,344
206,353
207,353,844
208,353,1006
209,528,397
210,1349,478
211,353,951,399
212,1409,342
213,345,951
214,345,951
215,347
216,353,349,951
217,915,350,951
218,353,1330,350,951
219,352,951
220,1401,951,399
221,1349,399
222,353,1270,951
223,783,399
224,366,783
225,1330,603,844,951
226,833,293
227,281,406
228,408,283
229,409,315
230,402,951
231,406,278
232,280,408
233,402,374
234,376,403
235,410,315
236,404,951
237,315,411
238,356
239,1385,1634
240,406,951
241,363
242,1248,277
243,1250,277
244,1252,277
245,277,1254
246,1256,277
247,1258,277
248,1260,277
249,305,1185,951
250,951,359
251,1408,342
252,768,1502
253,353,1330,260,951
254,260
255,528,1467,1183
256,368,951
257,370
258,374
259,353,1330,380,951
260,353,1330,380,951
261,382
262,285
263,374
264,1393,1388
265,881,1393
266,1393,1388
267,384,1349,399
268,353,1330,377,951
269,377,951
270,1176,377
271,379
272,904,1182
273,1183,299,951
274,1183,1262,951
275,1183,293,951
276,1185,293,951
277,1185,1338,951
278,1183,469,951
279,353,385,951
280,393
281,528,1633,1187
282,392,951
283,389,951
284,391
285,715
286,353,386,1330,951
287,388
288,90,1066
289,104,1066
290,304,1184
291,1182,15
292,945,119
293,281,411
294,411,278
295,409,374
296,1096,859
297,1090,859
298,859,1087
299,859,1086
300,314
301,353,324,951
302,594,398
303,364,1150,951
304,240,1183,764,951
305,1401,342
306,578,887
307,1364,887
308,401
309,408
310,353,325,951
311,1349,1359
312,881,412,1393,951
313,528,291
314,528,531,276
315,353,951
316,353,458,951
317,1184,258
318,1406
319,433,726,718,951
320,433,762,726,951
321,433,1412,726,951
322,353,1330,430,951
323,431
324,434,951
325,432,951
326,435,951
327,353,1330,425,951
328,425,951
329,427,951
330,427
331,363,436
332,528,361
333,530,363
334,1241,436
335,436,783
336,439,1349,951,399
337,440,1349,399
338,353,1330,436,951
339,438,951
340,438
341,1185,251,951
342,174,951
343,441,1393
344,443
345,1187,452
346,1189,454
347,1349,399,881,951,444
348,951,444,1349,399
349,447,1349,399
350,353,1330,444,951
351,444,951
352,446
353,353,450,1330,951
354,450
355,528,371
356,951,1330,479
357,353,251
358,999,1397,951
359,999,1150,951
360,1464,999,951
361,999,942,951
362,1187,783
363,881,1219
364,456,1349,399
365,353,1330,452,951
366,452,951
367,452,951
368,452,951
369,454
370,448,945,925
371,531,1462,951
372,113,1185,951
373,1187,1028
374,353,1330,951
375,1361,1349
376,945,458,951
377,371,951
378,373
379,1183,893,951
380,1185,893,951
381,1330,399
382,465,945,1182
383,1184,465,945
384,465,1117,589,951
385,464,293
386,472,353,1330,951
387,474
388,469,951
389,471
390,477,951
391,477
392,1067,27,951
393,945,1213
394,1176,477
395,1352,348
396,482,951
397,480,353,1330,951
398,353,1330,483,951
399,485,951
400,1352,350
401,353,486,951
402,353,486,881,1330,951
403,353,1330,489,951
404,489,951
405,489
406,487
407,1248,525,951
408,1250,525,951
409,1252,525,951
410,525,1254,951
411,1256,525,951
412,1258,525,951
413,1260,525,951
414,353,154,951
415,538,364,951
416,364,540,951
417,539,364,951
418,364,541,951
419,353,1330,502,951
420,504
421,353,1330,505,951
422,505,951
423,507
424,1348
425,1330,508
426,1393,244
427,501,1182
428,1219,293
429,1466,510
430,512
431,1059
432,953,1290,1249
433,953,1251,1292
434,953,1253,1294
435,1296,953,1255
436,953,1298,1257
437,953,1259,1300
438,953,1261,1302
439,906,518
440,906,519
441,520,906
442,521,906
443,522,906
444,906,523
445,906,524
446,953,515
447,517
448,1401,556
449,527
450,530
451,528
452,353,1330,534,951
453,534,951
454,534
455,532
456,353,1330,537,951
457,536
458,951,726,718,542
459,951,762,726,542
460,951,1412,726,542
461,951,543
462,544,951
463,353,1330,951,545
464,546
465,547,951
466,528,945,1351
467,528,1117,589,1351
468,840,555
469,353,1330,555
470,549
471,555,559
472,561,945
473,353,1330,549
474,353,1330,550,951
475,550,951
476,552,353,1330,951
477,552,951
478,552,842
479,552,551
480,554
481,531,510,951
482,1187,1629
483,556,951
484,558
485,353,1330,561
486,353,1330,951,559
487,951,559
488,353,881,562,1330,951
489,947,565
490,568,353,1330,951
491,353,1330,565,951
492,565
493,563
494,951,567
495,568
496,1450,1491,951
497,953,1452,1493
498,571
499,528,1187
500,572,951
501,574
502,1393,1187,948
503,1393,1187,948
504,353,1330,951,575
505,577
506,578,293,951
507,377,1447
508,1393,1187,957
509,1349,582,399
510,353,1330,580,951
511,353,578,1330,951
512,580
513,580
514,945,953,1151
515,945,953,1396
516,945,953,1396
517,1187,1637
518,1409,556
519,844,525,951
520,951,583
521,951,583
522,585
523,353,492
524,353,604
525,1393,1187,719
526,1187,644
527,353,590
528,586,951
529,588
530,1248,353,951
531,353,1250,951
532,353,1252,951
533,353,1254,951
534,1256,353,951
535,353,1258,951
536,353,1260,951
537,374,951
538,376
539,593
540,1393,1187
541,528,1067
542,80
543,80,353,1330,951
544,27
545,1349,493
546,499,1349
547,498,1349
548,1349,495
549,1349,494
550,497,1349
551,496,1349
552,1187,647
553,596,764,951
554,353,1330,951,671
555,601
556,607
557,690,1187
558,1187,687
559,609,951
560,611
561,616
562,353,122,951
563,951,119
564,121
565,353,118,951
566,1330,115
567,1393,789
568,353,618
569,621
570,622,951
571,624
572,945,206
573,945,207
574,1393,629
575,628
576,626
577,1183,69,951
578,1349,70
579,1434,69
580,1183,630,951
581,980,951
582,1184,1500
583,72,945,951
584,1184,1502
585,353,1330,951,631
586,128,528,1349
587,272,843
588,1243,1397
589,1243,1150
590,951,479
591,1183,637,951
592,259,1187
593,1349,638
594,945,983
595,632
596,1330,175
597,176,945
598,643
599,644,951
600,646
601,1184,125
602,261,1182
603,1184,261
604,137,1330,764,951
605,137,1330,951,764,1183
606,1349,919
607,945,651,1182
608,364,1397,951
609,945,652,1151
610,947,654,1151
611,945,652,127
612,947,654,127
613,657
614,654
615,634,1330
616,636,1349,951
617,173,1182
618,660
619,353,531,951
620,1184,1268
621,299,789
622,1397,662
623,1150,662
624,665,927
625,1530,667
626,669,927
627,112,1185,951
628,1431,951
629,1433
630,353,676
631,681
632,686
633,353,684,951
634,129,1629
635,951,687
636,689
637,684,1349,951
638,1184,141
639,528,691
640,353,691,951
641,1041,951
642,1043
643,1183,252,951
644,1182,598
645,1184,598
646,613,1182
647,1184,613
648,490,1182
649,1184,490
650,1171,1182
651,1184,1171
652,1497,1182
653,1184,1497
654,1266,1182
655,1184,1266
656,1182,966
657,1184,966
658,1182,1223
659,1184,1223
660,1234,1182
661,1184,1234
662,468,1182
663,1184,468
664,968,1182
665,968,1184
666,1221,1182
667,1184,1221
668,696
669,697,953,1599
670,953,694,1599
671,953,1599,695
672,953,698,1599
673,1627
674,945,459
675,945,991
676,945,1220
677,945,597
678,945,612
679,945,1494
680,945,965
681,945,1235
682,1393,789
683,945,118
684,1032,277
685,1057,277
686,1036,277
687,1058,277
688,700
689,1288,945
690,951,702,399
691,951,71
692,729,951,71
693,299,1187
694,705,951
695,707
696,353,1330,708,951
697,710
698,951,711
699,713
700,626,789
701,770,1330
702,715,1332
703,717
704,951,277,599
705,277,614,951
706,1564,277,951
707,1567,277,951
708,277,958,951
709,961,277,951
710,277,1230,951
711,951,531,599
712,531,614,951
713,531,1564,951
714,531,1567,951
715,531,958,951
716,961,531,951
717,1224,531,951
718,531,1227,951
719,992,531,951
720,531,1230,951
721,951,602,1349,399
722,617,1349,951,399
723,951,1495,1349,399
724,951,1499,1349,399
725,951,1349,1334,399
726,951,964,1349,399
727,951,1460,1349,399
728,951,1236,1349,399
729,951,1349,998,399
730,951,1349,1222,399
731,1182,719
732,1184,719
733,288,1183,951
734,722
735,720
736,984
737,789,629
738,1330,715
739,724
740,353,723,951
741,1048,629
742,1321,951
743,528,953,1397
744,528,953,1150
745,1450,843,945,951,762
746,1450,720,945,951,762
747,1450,299,945,951,762
748,1450,463,945,951,762
749,1450,945,886,951,762
750,353,1330,726,951
751,726,951
752,728,951
753,728
754,726
755,353,1330,951,729,510
756,733,951
757,729,71
758,353,1330,734,951
759,736,951
760,737,726,718,951
761,737,762,726,951
762,737,1412,726,951
763,739,951
764,738,951
765,353,1330,740,951
766,741
767,742,951
768,726,718,951
769,353,1330,729,951
770,731
771,951,726,718,743
772,951,762,726,743
773,951,1412,726,743
774,744,951
775,745,951
776,353,746,1330,951
777,747
778,748,951
779,726,718,702,951
780,762,726,702,951
781,1412,726,702,951
782,353,1330,749,951
783,750
784,951,703
785,951,751
786,704,951
787,752,726,718,951
788,752,762,726,951
789,752,1412,726,951
790,753,951
791,754,951
792,353,1330,755,951
793,756
794,757,951
795,731,947
796,770,805
797,528,938
798,760,1184
799,1184,1405
800,1405,1182
801,761,1502,951
802,1349,718
803,763,1182
804,1184,763
805,764,951
806,766
807,766
808,1464,1151
809,1464,127
810,353,725,951
811,1067,805
812,773
813,776,353,951
814,773,951
815,775
816,777,951
817,779
818,1393,715
819,1393,714
820,772
821,764,1502,951
822,782
823,780,951
824,1078
825,951,783
826,951,783
827,785
828,951,531,311
829,1332,861
830,1349,677
831,788
832,257
833,906,1332
834,42,277
835,277,55
836,277,53
837,277,46
838,44,277
839,50,277
840,48,277
841,353,1330,790,951
842,792
843,1185,629,951
844,1397,629
845,629,1150
846,128,629
847,353,1330,793,951
848,795
849,353,1330,796,951
850,798
851,353,1330,951,799
852,801
853,353,802,1330,951
854,804
855,904,1330
856,945,52,951
857,1184,1330,879
858,715,1187
859,1185,275,951
860,1330,859
861,1332,805
862,807
863,816,1332
864,811
865,813
866,264,945
867,1183,1484,951
868,945,123
869,951,823
870,825
871,820,951
872,822
873,817,951
874,819
875,353,951,809
876,816
877,859,814
878,808,1605,951
879,1393,826
880,828
881,829,951
882,831
883,1608,1349
884,353,1330,814,951
885,814,951
886,816
887,833,1332
888,835
889,833,1393
890,837
891,1183,21,951
892,951,1502,758
893,353,1330,758,951
894,842
895,1183,907,951
896,850
897,951,1347,399
898,1104,844,951
899,1099,915,951
900,846
901,833,881
902,1185,853,951
903,233,881
904,1187,942,855
905,857,1330,353,951
906,945,1135,887
907,353,844
908,462
909,531,318
910,864,953,1397
911,862,951
912,864
913,786
914,786
915,1393,131
916,264,945
917,865,951
918,867
919,353,910,951
920,858,1605,951
921,1605,854,951
922,856,1605,951
923,869
924,870,951
925,872
926,353,1330,859,951
927,1393,805
928,859,951
929,861
930,861
931,910
932,354,1349
933,353,1330,873,951
934,876,1349,399
935,353,1330,873,951
936,875
937,1183,1482,951
938,353,878
939,881,235
940,353,1330,884,951
941,528,233
942,368,1185,1187,951
943,881,1187
944,883,1189
945,881,1349,1358
946,881
947,1184,881
948,1184,877,1542
949,1349,885,399
950,353,1330,881,951
951,881,951
952,1176,881
953,883
954,528,131
955,892
956,890
957,113,531
958,353,1330,893,951
959,893,951
960,895
961,897
962,353,898,1330,951
963,898,1332
964,900
965,901,951
966,903
967,1183,626,951
968,353,227,951
969,353,155,951
970,528,1183,1187,1135
971,907,1182
972,1184,907
973,907,951
974,1176,907
975,909
976,1397,886
977,1150,886
978,128,886
979,906
980,906
981,353,898,951
982,928,1041,951
983,1041,951
984,911,1349,399
985,951,887
986,1176,887
987,889
988,945,847
989,355,1349
990,912,353,951
991,913,1330
992,1184,1187,1012
993,1349,399,881,915,951
994,917
995,528,1185,1418
996,353,274,951
997,848,1184
998,844,951
999,505,898,951
1000,953,507,900
1001,705,898,951
1002,953,707,900
1003,898,1434,951
1004,953,900,1436
1005,904,898,951
1006,953,906,900
1007,898,1018,951
1008,953,900,1020
1009,769,1349
1010,921,925
1011,353,915,951
1012,922,951
1013,924
1014,928,1456
1015,353,1330,934,951
1016,927
1017,928,1184
1018,504,883
1019,353,930,1330,951
1020,928,353,1330,951
1021,930
1022,928,353,1330,951
1023,764,365,951
1024,764,1349,78,951
1025,1330,1347,951
1026,951,851,399
1027,1187,1652
1028,933
1029,1187,1645
1030,915,1349
1031,951,935
1032,937
1033,935
1034,777
1035,1484
1036,872,1332
1037,944
1038,947
1039,945
1040,1453,951
1041,950
1042,950
1043,940
1044,938
1045,1183,290,951
1046,216,1183,951
1047,1183,220,951
1048,1183,212,951
1049,1183,213,951
1050,1183,226,951
1051,1183,217,951
1052,1183,223,951
1053,225,1349
1054,182,951
1055,184
1056,956,951
1057,364,1117,951
1058,1117,951
1059,960
1060,963
1061,965
1062,1349,967
1063,353,1325,951
1064,353,1327,951
1065,353,981,951
1066,353,972,951
1067,353,988,951
1068,353,951,535
1069,353,250,951
1070,353,805,951
1071,353,1100,951
1072,353,715,951
1073,992,951
1074,353,1330,971,951
1075,971,951
1076,971
1077,1183,973,951
1078,977,1330
1079,978,1349,399
1080,353,1330,973,951
1081,973,951
1082,975
1083,1464,1238,951
1084,951,1238,783
1085,1187,982
1086,240,353,951
1087,987,951
1088,987
1089,1393,299
1090,273,951,399
1091,979,951
1092,201,951
1093,203
1094,131
1095,901,1182
1096,1184,901
1097,1185,951,455
1098,353,1326,951
1099,531,1470
1100,368,976
1101,1183,1645,951
1102,994
1103,293,998
1104,1012,1349
1105,953,1397
1106,953,1150
1107,128,953
1108,1330,1389
1109,997
1110,995
1111,953
1112,368,528,1185
1113,1000
1114,1000
1115,1393,68
1116,1464,886
1117,1003,1182
1118,1184,1003
1119,1003,951
1120,1005
1121,881,699,366,951
1122,945,1011
1123,528,945,205
1124,881,207
1125,1010,1349,399
1126,353,1330,1007,951
1127,1007,951
1128,1009
1129,768
1130,1183,1649,951
1131,1014
1132,953,1017
1133,1015,951
1134,1017
1135,1176,1018
1136,1409,995
1137,353,1012,951
1138,1020
1139,1021,951
1140,1021,951
1141,1023
1142,651
1143,1024,945,1182
1144,1183,170,951
1145,136,945
1146,169
1147,169,531,951
1148,353,1330,1025,951
1149,1027
1150,353,1330,1035,951
1151,1034
1152,1185,951,383
1153,1184,74
1154,528,340,277
1155,528,531,340
1156,303
1157,464,303
1158,998,303
1159,1222,303
1160,602,303
1161,617,303
1162,1495,303
1163,1334,303
1164,514,1349
1165,1330,1038
1166,1330,1037
1167,528,1657
1168,353,1330,1029,951
1169,1029,951
1170,1031,951
1171,1031
1172,1601,332
1173,859,814
1174,816,861
1175,80,284
1176,1182,1047
1177,377,881
1178,1183,1044,951
1179,1182,15
1180,18,1182
1181,1051,951
1182,1051
1183,1049,951
1184,1183,1393,951
1185,1393,1397
1186,368,1052
1187,1055,1349,399
1188,353,1330,1052,951
1189,1052,951
1190,1054
1191,1056
1192,353,1330,1060,951
1193,954,946
1194,946,955
1195,353,1330,1062,951
1196,1061
1197,1064,1605,951
1198,616,953,900
1199,953,900,1566
1200,953,900,1569
1201,960,953,900
1202,953,963,900
1203,953,1226,900
1204,953,900,1229
1205,616,953,795
1206,953,795,1566
1207,953,795,1569
1208,960,953,795
1209,953,795,963
1210,953,1226,795
1211,953,795,1229
1212,616,953,798
1213,953,798,1566
1214,953,798,1569
1215,960,953,798
1216,953,963,798
1217,953,1226,798
1218,953,1229,798
1219,898,614,951
1220,898,1564,951
1221,898,1567,951
1222,898,958,951
1223,961,898,951
1224,1224,898,951
1225,898,1227,951
1226,793,415
1227,416,793
1228,417,793
1229,793,418
1230,793,419
1231,793,420
1232,793,421
1233,796,415
1234,416,796
1235,417,796
1236,418,796
1237,419,796
1238,420,796
1239,796,421
1240,793,614,951
1241,793,1564,951
1242,793,1567,951
1243,793,958,951
1244,793,961,951
1245,1224,793,951
1246,793,1227,951
1247,796,614,951
1248,796,1564,951
1249,796,1567,951
1250,796,958,951
1251,961,796,951
1252,1224,796,951
1253,1227,796,951
1254,112,1185,951
1255,528,25
1256,1349,1070,399
1257,353,1330,1067,951
1258,1067,951
1259,1069,951
1260,1069
1261,1662
1262,1071,951
1263,1073
1264,1393,1397
1265,1393,1150
1266,1044,951
1267,1046
1268,1183,715,951
1269,528,292
1270,528,1393,1183
1271,1075,951
1272,1077
1273,531,1078,951
1274,320,531
1275,353,1330,1087,951
1276,1089
1277,353,1090,1330,951
1278,1092
1279,353,1330,1093,951
1280,1095
1281,1096,353,1330,951
1282,1098
1283,353,1330,1083,951
1284,1393,1082
1285,1085
1286,1078,951
1287,1078,951
1288,1080
1289,849,1330
1290,715
1291,1100,1332
1292,1102
1293,1183,777,951
1294,1393,1103
1295,1109
1296,1100,901
1297,1393,1100
1298,1106
1299,945,139
1300,1464,1393
1301,531,140,951
1302,1074,531
1303,1393,1491,951
1304,376,1169
1305,1168,382
1306,376,1170
1307,376,1162
1308,376,1163
1309,376,1165
1310,376,1160
1311,376,1159
1312,1160
1313,1159
1314,1165
1315,1161
1316,1183,1219,951
1317,1219,1397
1318,1219,1150
1319,648,945
1320,528,1393,1183
1321,528,1185,1393
1322,945,941,1182
1323,525,142
1324,1110,951
1325,1112,951
1326,1112
1327,241,1349
1328,1330,396,1349
1329,353,1114,1330,951
1330,1116
1331,945,1124
1332,945,1121
1333,1117,1502,951
1334,353,1330,1124,951
1335,1126
1336,353,1330,1121,951
1337,1123
1338,945,1530,1117
1339,945,1530,1117
1340,1127,1349,399
1341,353,1330,1117,951
1342,1119
1343,1128,953
1344,1130
1345,1128
1346,1128,353,1330,951
1347,1330,1155
1348,1018,1330
1349,1132
1350,1134
1351,1158,382
1352,376,1159
1353,1164,382
1354,376,1156
1355,1157,382
1356,1156
1357,1164
1358,1083,859
1359,859,1093
1360,1096,859
1361,1090,859
1362,859,1087
1363,405
1364,403,405
1365,403
1366,1162,405
1367,1096,786
1368,786,1090
1369,786,1087
1370,528,1346
1371,1137
1372,1138,951
1373,1140
1374,1136
1375,1143,951
1376,1141
1377,1104,1330
1378,1144,1393
1379,1146
1380,945,119
1381,1141,951
1382,1143
1383,1039,525,951
1384,1033,525,951
1385,1040,525,951
1386,353,1330,1147,951
1387,1149
1388,1502,126
1389,1167,1598,951
1390,1598,1166,951
1391,1152,353,1330,951
1392,1154
1393,342,270
1394,0,951
1395,1120,1185
1396,269,1182
1397,267
1398,353,266,951
1399,720,1557,942
1400,1174
1401,1172
1402,293,879
1403,1181
1404,1179
1405,951,1194,399
1406,1182,1150
1407,953,1397,1182
1408,953,1182,1150
1409,128,953,1182
1410,1397,1182
1411,128,1182
1412,1184,353,951
1413,1186,357,951
1414,1184,1397
1415,1184,1150
1416,128,1184
1417,1330,1182
1418,951,1349,1182,399
1419,1184,1183
1420,353,1330,1193,1349
1421,1178,951
1422,1178,951
1423,1178,951
1424,1178
1425,353,931
1426,1640,353
1427,353,562
1428,353,682
1429,353,625
1430,353,690
1431,608,353
1432,353,595
1433,1189
1434,1187
1435,945,1172,1182
1436,1192,353,1330,951
1437,1192,951
1438,1192
1439,1190
1440,353,1330,1190,951
1441,1349,1182
1442,1193,1187
1443,1401,1186,951
1444,1194
1445,1401,1186,951
1446,1196
1447,1179,1187
1448,658,1349
1449,951,1179,271
1450,528,1193,1349
1451,1197,951
1452,1199
1453,947,1396,1199
1454,945,953,1396,1197
1455,1199,947,1151
1456,945,953,1197,1151
1457,1200,1199
1458,1202
1459,1200,1182,951
1460,1184,1200,951
1461,1205
1462,1203
1463,633,531
1464,1330,687
1465,1330,1653
1466,1332,1655
1467,1330,1021
1468,1332,1023
1469,1330,644
1470,1332,646
1471,689,1332
1472,1330,1637
1473,1332,1639
1474,609,1330
1475,611,1332
1476,1330,583
1477,585,1332
1478,1330,1517
1479,1332,1519
1480,586,1330
1481,588,1332
1482,345,1330
1483,347,1332
1484,1330,622
1485,624,1332
1486,922,1330
1487,924,1332
1488,353,1330,951
1489,1330,1006,951
1490,640,1330,951
1491,1648,1330,951
1492,1330,844,951
1493,953,1332,846
1494,1330,492,951
1495,619,1349,951
1496,641,1349,951
1497,1649,1349,951
1498,915,1349,951
1499,1349,605,951
1500,1349,525,951
1501,951,1349,591
1502,951,1349,399
1503,951,1349,679
1504,1621,1349,951
1505,1012,1349,951
1506,1352,622
1507,1352,922
1508,945,1187,1182
1509,947,1396,1189
1510,947,1189,1151
1511,1208
1512,953,1209,1599
1513,953,1206,1599
1514,953,1599,1207
1515,953,1210,1599
1516,531,428
1517,1212
1518,852,1605,951
1519,951,1605,839
1520,1211,1605,951
1521,1218
1522,1215
1523,1213
1524,528,1393
1525,1346,764
1526,513,1330,951
1527,1226
1528,1229
1529,1232
1530,1233,1349
1531,1235
1532,368,1329
1533,152,364,951
1534,951,364,151
1535,528,249
1536,150
1537,353,1330,150,951,1183
1538,528,1621
1539,149
1540,353,1330,149,951,1183
1541,242
1542,528,153
1543,148
1544,353,1330,148,951,1183
1545,528,1385
1546,353,1330,1239,951
1547,1241
1548,1243,951
1549,1245
1550,1371,1243
1551,1246,486
1552,528,1459
1553,1183,881,951
1554,1184,1364
1555,353,1330,1249,951
1556,353,1330,1251,951
1557,353,1330,1253,951
1558,353,1330,1255,951
1559,353,1330,1257,951
1560,353,1330,1259,951
1561,353,1330,1261,951
1562,1263,951
1563,1265
1564,1349,1317,399
1565,951,1349,1335,399
1566,1,1330
1567,2,1332
1568,1330,3
1569,4,1332
1570,1330,5
1571,1332,6
1572,1330,7
1573,8,1332
1574,9,1330
1575,10,1332
1576,1330,11
1577,12,1332
1578,1330,13
1579,1332,14
1580,1594,1621
1581,1450,1530,1269,951
1582,920,1450,1269,951
1583,951,399
1584,528,1183,303
1585,1183,1390,951
1586,1390,942
1587,528,945,1330,951,1271,1183
1588,1392,1330
1589,353,1330,1273,951
1590,353,1330,1275,951
1591,353,1330,1277,951
1592,353,1330,1279,951
1593,353,1330,1281,951
1594,353,1330,1283,951
1595,353,1330,1285,951
1596,944,1265,1189
1597,1287
1598,1183,1237,951
1599,10,701
1600,701,14
1601,353,725,951
1602,353,1483,951
1603,764,303
1604,353,1290,1330,951
1605,353,1330,1292,951
1606,353,1330,1294,951
1607,1296,353,1330,951
1608,353,1298,1330,951
1609,353,1330,1300,951
1610,353,1330,1302,951
1611,833
1612,1183,228,951
1613,715
1614,353,21
1615,274,951
1616,1330,907
1617,227
1618,805
1619,1304,353,1330,951
1620,353,1306,1330,951
1621,353,1330,1308,951
1622,353,1330,1310,951
1623,1312,353,1330,951
1624,353,1314,1330,951
1625,353,1330,1316,951
1626,1289,1330
1627,1290,1332
1628,1330,1291
1629,1292,1332
1630,1330,1293
1631,1332,1294
1632,1330,1295
1633,1296,1332
1634,1297,1330
1635,1298,1332
1636,1330,1299
1637,1300,1332
1638,1330,1301
1639,1332,1302
1640,1303,525,951
1641,1305,525,951
1642,1307,525,951
1643,1309,525,951
1644,1311,525,951
1645,1313,525,951
1646,1315,525,951
1647,353,1330,1323,951
1648,1322
1649,1328,881
1650,1324,1349,399
1651,1318,951
1652,1320
1653,1020,1332
1654,1330,951
1655,1332
1656,353,1330,951
1657,616,117
1658,161,1566
1659,1569,159
1660,960,135
1661,963,133
1662,1226,147
1663,145,1229
1664,616,953,84
1665,953,86,1566
1666,88,953,1569
1667,960,953,90
1668,953,963,92
1669,953,1226,94
1670,96,953,1229
1671,616,953,98
1672,953,100,1566
1673,953,102,1569
1674,104,953,960
1675,953,106,963
1676,953,1226,108
1677,953,1229,110
1678,616,953,43
1679,56,953,1566
1680,953,54,1569
1681,960,953,47
1682,953,963,45
1683,953,1226,51
1684,49,953,1229
1685,616,953,28
1686,953,29,1566
1687,953,30,1569
1688,960,953,31
1689,32,953,963
1690,33,1226,953
1691,953,34,1229
1692,616,953,35
1693,953,36,1566
1694,953,37,1569
1695,960,953,38
1696,953,963,39
1697,40,953,1226
1698,41,953,1229
1699,1100
1700,1330,255
1701,353,138
1702,353,253,951
1703,1176,1335
1704,1337
1705,528,1397,293
1706,1330,951
1707,1330,1349,951
1708,458,1338
1709,1343
1710,1343
1711,1176,1338
1712,1340
1713,1345,945,951
1714,1330,1219,951
1715,528,1267
1716,528,353,1288
1717,1338,1467
1718,844,1349
1719,1352,353
1720,353,1349
1721,1401
1722,130
1723,1349,525,254,951
1724,528,165,1183
1725,528,945,1328
1726,945,1350
1727,1464,1350
1728,500,1182
1729,1353,951
1730,1355
1731,1288,951,1330,399
1732,940,1332
1733,1357
1734,353,1330,838,951
1735,353,1330,951,367
1736,114
1737,1362
1738,353,1330,76,951
1739,1360,1349,951
1740,353,881,1330,951,767
1741,1363
1742,951,52,719
1743,353,1330,1367,951
1744,1369
1745,1370,1349,399
1746,353,1330,1364,951
1747,1364,951
1748,1176,1364
1749,1366
1750,951,1371,399
1751,1379,951
1752,1381
1753,1330,229
1754,528,1272
1755,528,1274
1756,528,1276
1757,528,1278
1758,528,1280
1759,528,1282
1760,528,1284
1761,368,1382
1762,1384
1763,1330,1434
1764,1436,1332
1765,1372,525,951
1766,1373,525,951
1767,525,1374,951
1768,525,1375,951
1769,1376,525,951
1770,1377,525,951
1771,1378,525,951
1772,1344,531
1773,531,341
1774,1332,1510
1775,1349,661
1776,1241,1385
1777,881,236
1778,353,1330,1385,951
1779,1385,951
1780,1387
1781,1400,342
1782,129,342
1783,1400,935
1784,129,935
1785,1400,995
1786,129,995
1787,1400,1645
1788,1390,1187,942
1789,353,1388,951
1790,353,1390,951
1791,353,1271,951
1792,1330,1391
1793,1393,458
1794,1400,1629
1795,1393,951
1796,1395
1797,1216,1396,951
1798,1216,1151,951
1799,945,1330,1398
1800,353,1371
1801,353,1399,951
1802,1409,1330
1803,1411,1332
1804,1403
1805,353,762,951
1806,945,650,1330
1807,1412,255
1808,353,1401,951
1809,353,1419,951
1810,1656
1811,1002,676,951
1812,957,639
1813,353,1330,1409,951
1814,1411
1815,1414
1816,353,1413,951
1817,1417
1818,1415,951
1819,1048,629
1820,945,1530,590
1821,920,945,590
1822,945,618,1530
1823,920,945,618
1824,945,1530,604
1825,920,945,604
1826,945,1530,683
1827,920,945,683
1828,945,595,759
1829,625,945,759
1830,608,945,759
1831,945,690,759
1832,1656
1833,1418
1834,1330,1407
1835,914
1836,528,1187,1471
1837,1330,844,1349,423
1838,720,942,887
1839,1183,715,951
1840,1393,1423
1841,1425
1842,1464,79
1843,881,1446
1844,1330,1428,951
1845,1330,1430,399
1846,1349,1437
1847,337,531
1848,1393,1187
1849,1393,1187
1850,1439,1349,399
1851,1349,1438,399
1852,1434,951
1853,1176,1434
1854,1436
1855,928,764,951
1856,1464,881
1857,1183,1468,951
1858,1393,1507,157
1859,1183,1427,951
1860,1440,951
1861,1184,1442
1862,353,1441,951
1863,1464,581,951
1864,1442,951
1865,1444
1866,1449
1867,1447
1868,1452
1869,1455
1870,881,1469
1871,531,286,951
1872,1175,531,951
1873,1456,353,1330,951
1874,1458
1875,1456,268,951
1876,1213,942
1877,944,1215
1878,1464,1183,951
1879,1464,1185,951
1880,1426,1349,399
1881,945,1463
1882,1464,951
1883,1464,951
1884,1466,951
1885,1466
1886,1397,783
1887,1466,783
1888,353,1330,1467
1889,1473
1890,1393,1461
1891,353,1330,1475,951
1892,1477
1893,1184,945,948
1894,353,1330,1453,951
1895,491
1896,1183,1484,951
1897,715,693
1898,945,1219
1899,1466,1485
1900,1487
1901,289,1450,528,951,1464
1902,1488,353,1330,951
1903,1490
1904,1493
1905,1494
1906,1330,1506,951
1907,672,531,951
1908,368,673
1909,675
1910,1184,678
1911,945,674
1912,353,1063,951
1913,665,666
1914,666,669
1915,789,629
1916,1185,1182,951
1917,531,1446
1918,945,1530
1919,1517,951
1920,1517,951
1921,1519
1922,353,1330,1503,951
1923,1505
1924,299,887
1925,299,887
1926,1183,113,951
1927,1187,143
1928,1512
1929,1330,1508
1930,1513,1349,399
1931,353,1330,1508,951
1932,1510,951
1933,1508,951
1934,1176,1508
1935,1510
1936,1516,951
1937,1516
1938,1349,399,528,945,243,951,377,250
1939,1420,789
1940,715,789
1941,1520,945,1151
1942,1522,947,1151
1943,1520,945,127
1944,1522,947,127
1945,1525
1946,1522
1947,353,951,679
1948,129,1514
1949,679,631
1950,353,1506,951
1951,353,1507
1952,1506,1349
1953,789
1954,162,342
1955,1184,1531
1956,859,805
1957,1330,1533
1958,1532,1605,951
1959,859
1960,861
1961,1393,1532
1962,1535
1963,1393,1187,1015
1964,945,1557,789
1965,945,1557
1966,789,1015
1967,1560,1349,399
1968,1557,951
1969,1559
1970,901,1182
1971,353,1330,1561,951
1972,1563
1973,1566
1974,1569
1975,353,1330,1570,951
1976,1572
1977,1574
1978,944,1189,246
1979,1577,1332
1980,1579
1981,881,165
1982,1580,1349,399
1983,1575,951
1984,1577
1985,1581,277,951
1986,353,1330,1618,951
1987,953,308,1623
1988,313,953,1623
1989,1591
1990,1183,1593,951
1991,1592
1992,277,1582
1993,1330,1588
1994,1589,1349
1995,1587,1605,951
1996,353,1330,1596,951
1997,353,1330,1595,951
1998,1184,1597
1999,1600,1330,951
2000,1349,1598
2001,1601,953,1332
2002,1600
2003,1607
2004,1611
2005,1614
2006,953,811,1623
2007,1613
2008,1183,1615,951
2009,528,1604,1183
2010,1617
2011,953,788,1623
2012,1610
2013,368,1603
2014,953,869,1623
2015,786,1611
2016,528,1187,886
2017,353,1330,1619,951
2018,293,1583
2019,1602,1502,951
2020,1586
2021,353,1330,1618,951
2022,1618,374
2023,353,1330,1620,951
2024,353,1605
2025,1623
2026,368,1117
2027,1585,764
2028,1584,1605
2029,364,670,951
2030,945,1628
2031,528,548
2032,1621,1349
2033,1629,951
2034,1629,951
2035,1631
2036,1183,1247,951
2037,1636
2038,1634
2039,528,389,942
2040,353,683
2041,1409,1629
2042,844,1621,951
2043,1637,951
2044,1637,951
2045,1639
2046,1065,1621,951
2047,881,206
2048,1644,1349,399
2049,353,1330,1641,951
2050,1641,951
2051,1643
2052,1393,1641
2053,1419
2054,1632,1183,951
2055,1645,951
2056,1647
2057,1645
2058,1651
2059,1649,1349
2060,1409,1645
2061,1653,951
2062,1655
2063,1661
2064,770
2065,1656,353,951
2066,353,1657,951
2067,1662,951
2068,1664
2069,353,1330,1658,951
2070,1658,951
2071,1660
2072,353,1330,1667,951
2073,1667,951
2074,1665
2075,353,1330,1665,951
2076,1667
2077,512,951
2078,1080,951
2079,452,951
2080,951,887
2081,377,951
2082,1464,1243
